slate_date,selected_rank,player,team,team_name,opponent,opponent_name,market,side,line,actual,settlement,model_probability,final_score,source_book,source_url
2026-07-02,1,Angel Reese,ATL,Atlanta Dream,WSH,Washington Mystics,RA,UNDER,14.5,16.0,LOSS,0.66632,0.75646,FanDuel,https://www.sportsgrid.com/wnba/game/atlanta-dream-washington-mystics-scores-odds-picks-props-july-02-2026/e247f8d9-201f-4c1c-af31-8df33d12fd71
2026-07-02,2,Kahleah Copper,PHX,Phoenix Mercury,SEA,Seattle Storm,PTS,OVER,18.5,30.0,WIN,0.60796,0.5903,FanDuel,https://www.sportsgrid.com/wnba/game/seattle-storm-phoenix-mercury-scores-odds-picks-props-july-02-2026/5595d5e9-dff1-4098-9bba-41fe5cbf0263
2026-07-02,3,Brittney Griner,CON,Connecticut Sun,DAL,Dallas Wings,REB,OVER,4.5,11.0,WIN,0.56521,0.42394,FanDuel,https://www.sportsgrid.com/wnba/game/dallas-wings-connecticut-sun-scores-odds-picks-props-july-02-2026/86c49979-cc1d-4522-9886-7116fc166e4c
2026-07-02,4,Leila Lacan,CON,Connecticut Sun,DAL,Dallas Wings,PTS,OVER,11.5,18.0,WIN,0.5619,0.35956,FanDuel,https://www.sportsgrid.com/wnba/game/dallas-wings-connecticut-sun-scores-odds-picks-props-july-02-2026/86c49979-cc1d-4522-9886-7116fc166e4c
2026-07-02,5,Olivia Nelson-Ododa,CON,Connecticut Sun,DAL,Dallas Wings,REB,OVER,5.5,8.0,WIN,0.58028,0.38272,FanDuel,https://www.sportsgrid.com/wnba/game/dallas-wings-connecticut-sun-scores-odds-picks-props-july-02-2026/86c49979-cc1d-4522-9886-7116fc166e4c
2026-07-02,6,Natisha Hiedeman,SEA,Seattle Storm,PHX,Phoenix Mercury,PTS,OVER,14.5,13.0,LOSS,0.56729,0.32397,FanDuel,https://www.sportsgrid.com/wnba/game/seattle-storm-phoenix-mercury-scores-odds-picks-props-july-02-2026/5595d5e9-dff1-4098-9bba-41fe5cbf0263
